10001           AOc01           273     13
10002           BTh69           316     35
10003           KGw60           596     56
10004           DLu68           327     95
10005           TQm00           243     54
10006           SUd88           166     53
10007           BHc68           283     45
10008           CZu30           329     93
10009           YPr50           332     18
10010           YGp61           426     97
10011           SDa71           239     32
10012           DDg09           565     68
10013           KPy78           204     87
10014           OUa70           507     42
10015           SLd69           352     84
10016           GOk40           242     32
10017           JNq28           457     32
10018           MSe19           156     26
10019           FXl79           459     74
10020           JTw09           458     68
10021           OWx18           443     80
10022           PGb31           497     74
10023           GDh89           267     68
10024           GGu89           530     55
10025           GGs68           306     49
10026           LIx80           125     47
10027           QBn29           559     38
10028           KGa01           103     48
10029           FFt19           483     28
10030           KWh59           545     16
10031           SRx58           556     89
10032           EWj58           434     63
10033           ZAh21           334     30
10034           DSz61           267     27
10035           SLc79           516     20
10036           PJd51           250     69
10037           ZWj80           475     46
10038           FGd81           166     87
10039           SSi00           546     50
10040           UGh20           536     31
10041           GKl31           220     18
10042           CLd80           401     43
10043           DHk11           464     21
10044           AFe78           199     73
10045           QPx18           582     33
10046           HEu30           138     60
10047           PBe00           122     94
10048           EUv78           153     29
10049           DMa38           187     20
10050           MUc11           321     84
10051           JOm69           581     68
10052           STw79           270     86
10053           MSt18           126     27
10054           JCa08           261     54
10055           UTe10           548     89
10056           JUo78           511     39
10057           PCw58           120     53
10058           FWj71           289     32
10059           EZo10           493     75
10060           OHo50           224     10
10061           GHs69           132     50
10062           YUh19           239     50
10063           EBi38           379     98
10064           VKl88           186     88
10065           OXe71           498     63
10066           PHz20           249     34
10067           RWe81           355     21
10068           BBg10           219     91
10069           STv49           196     54
10070           SZr31           440     70
10071           TZr81           516     55
10072           DHj41           168     93
10073           MRy39           547     66
10074           KVi10           273     60
10075           YUv70           210     16